6 2.0 2 12
6 2.01 2 12
6 2.02 2 12
6 2.03 2 12
6 2.04 2 12
6 2.05 2 12
6 2.06 2 12
6 2.07 2 12
6 2.08 2 12
6 2.09 2 12
6 2.1 2 12
6 2.11 2 12
6 2.12 2 12
6 2.13 2 12
6 2.14 2 12
6 2.15 2 12
6 2.16 2 12
6 2.17 2 12
6 2.18 2 12
6 2.19 2 12
6 2.2 2 12
6 2.21 2 12
6 2.22 2 12
6 2.23 2 12
6 2.24 2 12
6 2.25 2 12
6 2.26 2 12
6 2.27 2 12
6 2.2800000000000002 2 12
6 2.29 2 12
6 2.3 2 12
6 2.31 2 12
6 2.32 2 12
6 2.33 2 12
6 2.34 2 12
6 2.35 2 12
6 2.36 2 12
6 2.37 2 12
6 2.38 2 12
6 2.39 2 12
6 2.4 2 12
6 2.41 2 12
6 2.42 2 12
6 2.43 2 12
6 2.44 2 12
6 2.45 2 12
6 2.46 2 12
6 2.47 2 12
6 2.48 2 12
6 2.49 2 12
6 2.5 2 12
6 2.51 2 12
6 2.52 2 12
6 2.5300000000000002 2 12
6 2.54 2 12
6 2.55 2 12
6 2.56 2 12
6 2.5700000000000003 2 12
6 2.58 2 12
6 2.59 2 12
6 2.6 2 12
6 2.61 2 12
6 2.62 2 12
6 2.63 2 12
6 2.64 2 12
6 2.65 2 12
6 2.66 2 12
6 2.67 2 12
6 2.68 2 12
6 2.69 2 12
6 2.7 2 12
6 2.71 2 12
6 2.7199999999999998 2 12
6 2.73 2 12
6 2.74 2 12
6 2.75 2 12
6 2.76 2 12
6 2.77 2 12
6 2.7800000000000002 2 12
6 2.79 2 12
6 2.8 2 12
6 2.81 2 12
6 2.8200000000000003 2 12
6 2.83 2 12
6 2.84 2 12
6 2.85 2 12
6 2.86 2 12
6 2.87 2 12
6 2.88 2 12
6 2.89 2 12
6 2.9 2 12
6 2.91 2 12
6 2.92 2 12
6 2.93 2 12
6 2.94 2 12
6 2.95 2 12
6 2.96 2 12
6 2.9699999999999998 2 12
6 2.98 2 12
6 2.99 2 12
6 3.0 2 12
6 3.01 2 12
6 3.02 2 12
6 3.0300000000000002 2 12
6 3.04 2 12
6 3.05 2 12
6 3.06 2 12
6 3.0700000000000003 2 12
6 3.08 2 12
6 3.09 2 12
6 3.1 2 12
6 3.1100000000000003 2 12
6 3.12 2 12
6 3.13 2 12
6 3.14 2 12
6 3.1500000000000004 2 12
6 3.16 2 12
6 3.17 2 12
6 3.1799999999999997 2 12
6 3.19 2 12
6 3.2 2 12
6 3.21 2 12
6 3.2199999999999998 2 12
6 3.23 2 12
6 3.24 2 12
6 3.25 2 12
6 3.26 2 12
6 3.27 2 12
6 3.2800000000000002 2 12
6 3.29 2 12
6 3.3 2 12
6 3.31 2 12
6 3.3200000000000003 2 12
6 3.33 2 12
6 3.34 2 12
6 3.35 2 12
6 3.3600000000000003 2 12
6 3.37 2 12
6 3.38 2 12
6 3.39 2 12
6 3.4000000000000004 2 12
6 3.41 2 12
6 3.42 2 12
6 3.4299999999999997 2 12
6 3.44 2 12
6 3.45 2 12
6 3.46 2 12
6 3.4699999999999998 2 12
6 3.48 2 12
6 3.49 2 12
6 3.5 2 12
6 3.51 2 12
6 3.52 2 12
6 3.5300000000000002 2 12
6 3.54 2 12
6 3.55 2 12
6 3.56 2 12
6 3.5700000000000003 2 12
6 3.58 2 12
6 3.59 2 12
6 3.6 2 12
6 3.6100000000000003 2 12
6 3.62 2 12
6 3.63 2 12
6 3.64 2 12
6 3.6500000000000004 2 12
6 3.66 2 12
6 3.67 2 12
6 3.6799999999999997 2 12
6 3.69 2 12
6 3.7 2 12
6 3.71 2 12
6 3.7199999999999998 2 12
6 3.73 2 12
6 3.74 2 12
6 3.75 2 12
6 3.76 2 12
6 3.77 2 12
6 3.7800000000000002 2 12
6 3.79 2 12
6 3.8 2 12
6 3.81 2 12
6 3.8200000000000003 2 12
6 3.83 2 12
6 3.84 2 12
6 3.85 2 12
6 3.8600000000000003 2 12
6 3.87 2 12
6 3.88 2 12
6 3.89 2 12
6 3.9000000000000004 2 12
6 3.91 2 12
6 3.92 2 12
6 3.9299999999999997 2 12
6 3.94 2 12
6 3.95 2 12
6 3.96 2 12
6 3.9699999999999998 2 12
6 3.98 2 12
6 3.99 2 12
6 4.0 2 12
6 4.01 2 12
6 4.02 2 12
6 4.03 2 12
6 4.04 2 12
6 4.05 2 12
6 4.0600000000000005 2 12
6 4.07 2 12
6 4.08 2 12
6 4.09 2 12
6 4.1 2 12
6 4.109999999999999 2 12
6 4.12 2 12
6 4.13 2 12
6 4.140000000000001 2 12
6 4.15 2 12
6 4.16 2 12
6 4.17 2 12
6 4.18 2 12
6 4.1899999999999995 2 12
6 4.2 2 12
6 4.21 2 12
6 4.220000000000001 2 12
6 4.23 2 12
6 4.24 2 12
6 4.25 2 12
6 4.26 2 12
6 4.27 2 12
6 4.28 2 12
6 4.29 2 12
6 4.300000000000001 2 12
6 4.3100000000000005 2 12
6 4.32 2 12
6 4.33 2 12
6 4.34 2 12
6 4.35 2 12
6 4.359999999999999 2 12
6 4.37 2 12
6 4.38 2 12
6 4.390000000000001 2 12
6 4.4 2 12
6 4.41 2 12
6 4.42 2 12
6 4.43 2 12
6 4.4399999999999995 2 12
6 4.45 2 12
6 4.46 2 12
6 4.470000000000001 2 12
6 4.48 2 12
6 4.49 2 12
6 4.5 2 12
6 4.51 2 12
6 4.52 2 12
6 4.53 2 12
6 4.54 2 12
6 4.550000000000001 2 12
6 4.5600000000000005 2 12
6 4.57 2 12
6 4.58 2 12
6 4.59 2 12
6 4.6 2 12
6 4.609999999999999 2 12
6 4.62 2 12
6 4.63 2 12
6 4.640000000000001 2 12
6 4.65 2 12
6 4.66 2 12
6 4.67 2 12
6 4.68 2 12
6 4.6899999999999995 2 12
6 4.7 2 12
6 4.71 2 12
6 4.720000000000001 2 12
6 4.73 2 12
6 4.74 2 12
6 4.75 2 12
6 4.76 2 12
6 4.77 2 12
6 4.78 2 12
6 4.79 2 12
6 4.800000000000001 2 12
6 4.8100000000000005 2 12
6 4.82 2 12
6 4.83 2 12
6 4.84 2 12
6 4.85 2 12
6 4.859999999999999 2 12
6 4.87 2 12
6 4.88 2 12
6 4.890000000000001 2 12
6 4.9 2 12
6 4.91 2 12
6 4.92 2 12
6 4.93 2 12
6 4.9399999999999995 2 12
6 4.95 2 12
6 4.96 2 12
6 4.970000000000001 2 12
6 4.98 2 12
6 4.99 2 12
6 5.0 2 12
6 5.01 2 12
6 5.02 2 12
6 5.03 2 12
6 5.04 2 12
6 5.050000000000001 2 12
6 5.0600000000000005 2 12
6 5.07 2 12
6 5.08 2 12
6 5.09 2 12
6 5.1 2 12
6 5.109999999999999 2 12
6 5.12 2 12
6 5.13 2 12
6 5.140000000000001 2 12
6 5.15 2 12
6 5.16 2 12
6 5.17 2 12
6 5.18 2 12
6 5.1899999999999995 2 12
6 5.2 2 12
6 5.21 2 12
6 5.220000000000001 2 12
6 5.23 2 12
6 5.24 2 12
6 5.25 2 12
6 5.26 2 12
6 5.27 2 12
6 5.28 2 12
6 5.29 2 12
6 5.300000000000001 2 12
6 5.3100000000000005 2 12
6 5.32 2 12
6 5.33 2 12
6 5.34 2 12
6 5.35 2 12
6 5.359999999999999 2 12
6 5.37 2 12
6 5.38 2 12
6 5.390000000000001 2 12
6 5.4 2 12
6 5.41 2 12
6 5.42 2 12
6 5.43 2 12
6 5.4399999999999995 2 12
6 5.45 2 12
6 5.46 2 12
6 5.470000000000001 2 12
6 5.48 2 12
6 5.49 2 12
6 5.5 2 12
6 5.51 2 12
6 5.52 2 12
6 5.53 2 12
6 5.54 2 12
6 5.550000000000001 2 12
6 5.5600000000000005 2 12
6 5.57 2 12
6 5.58 2 12
6 5.59 2 12
6 5.6 2 12
6 5.609999999999999 2 12
6 5.62 2 12
6 5.63 2 12
6 5.640000000000001 2 12
6 5.65 2 12
6 5.66 2 12
6 5.67 2 12
6 5.68 2 12
6 5.6899999999999995 2 12
6 5.7 2 12
6 5.71 2 12
6 5.720000000000001 2 12
6 5.73 2 12
6 5.74 2 12
6 5.75 2 12
6 5.76 2 12
6 5.77 2 12
6 5.78 2 12
6 5.79 2 12
6 5.800000000000001 2 12
6 5.8100000000000005 2 12
6 5.82 2 12
6 5.83 2 12
6 5.84 2 12
6 5.85 2 12
6 5.859999999999999 2 12
6 5.87 2 12
6 5.88 2 12
6 5.890000000000001 2 12
6 5.9 2 12
6 5.91 2 12
6 5.92 2 12
6 5.93 2 12
6 5.9399999999999995 2 12
6 5.95 2 12
6 5.96 2 12
6 5.970000000000001 2 12
6 5.98 2 12
6 5.99 2 12
6 6.0 2 12
6 6.01 2 12
6 6.0200000000000005 2 12
6 6.03 2 12
6 6.04 2 12
6 6.05 2 12
6 6.0600000000000005 2 12
6 6.07 2 12
6 6.08 2 12
6 6.09 2 12
6 6.1 2 12
6 6.11 2 12
6 6.12 2 12
6 6.13 2 12
6 6.14 2 12
6 6.15 2 12
6 6.16 2 12
6 6.17 2 12
6 6.18 2 12
6 6.19 2 12
6 6.2 2 12
6 6.21 2 12
6 6.22 2 12
6 6.23 2 12
6 6.24 2 12
6 6.25 2 12
6 6.26 2 12
6 6.2700000000000005 2 12
6 6.28 2 12
6 6.29 2 12
6 6.3 2 12
6 6.3100000000000005 2 12
6 6.32 2 12
6 6.33 2 12
6 6.34 2 12
6 6.3500000000000005 2 12
6 6.36 2 12
6 6.37 2 12
6 6.38 2 12
6 6.39 2 12
6 6.4 2 12
6 6.41 2 12
6 6.42 2 12
6 6.43 2 12
6 6.44 2 12
6 6.45 2 12
6 6.46 2 12
6 6.47 2 12
6 6.48 2 12
6 6.49 2 12
6 6.5 2 12
6 6.51 2 12
6 6.5200000000000005 2 12
6 6.53 2 12
6 6.54 2 12
6 6.55 2 12
6 6.5600000000000005 2 12
6 6.57 2 12
6 6.58 2 12
6 6.59 2 12
6 6.6000000000000005 2 12
6 6.61 2 12
6 6.62 2 12
6 6.63 2 12
6 6.64 2 12
6 6.65 2 12
6 6.66 2 12
6 6.67 2 12
6 6.68 2 12
6 6.69 2 12
6 6.7 2 12
6 6.71 2 12
6 6.72 2 12
6 6.73 2 12
6 6.74 2 12
6 6.75 2 12
6 6.76 2 12
6 6.7700000000000005 2 12
6 6.78 2 12
6 6.79 2 12
6 6.8 2 12
6 6.8100000000000005 2 12
6 6.82 2 12
6 6.83 2 12
6 6.84 2 12
6 6.8500000000000005 2 12
6 6.86 2 12
6 6.87 2 12
6 6.88 2 12
6 6.89 2 12
6 6.9 2 12
6 6.91 2 12
6 6.92 2 12
6 6.93 2 12
6 6.94 2 12
6 6.95 2 12
6 6.96 2 12
6 6.97 2 12
6 6.98 2 12
6 6.99 2 12
6 7.0 2 12
6 7.01 2 12
6 7.0200000000000005 2 12
6 7.03 2 12
6 7.04 2 12
6 7.05 2 12
6 7.0600000000000005 2 12
6 7.07 2 12
6 7.08 2 12
6 7.09 2 12
6 7.1000000000000005 2 12
6 7.11 2 12
6 7.12 2 12
6 7.13 2 12
6 7.14 2 12
6 7.15 2 12
6 7.16 2 12
6 7.17 2 12
6 7.18 2 12
6 7.19 2 12
6 7.2 2 12
6 7.21 2 12
6 7.22 2 12
6 7.23 2 12
6 7.24 2 12
6 7.25 2 12
6 7.26 2 12
6 7.2700000000000005 2 12
6 7.28 2 12
6 7.29 2 12
6 7.3 2 12
6 7.3100000000000005 2 12
6 7.32 2 12
6 7.33 2 12
6 7.34 2 12
6 7.3500000000000005 2 12
6 7.36 2 12
6 7.37 2 12
6 7.38 2 12
6 7.39 2 12
6 7.4 2 12
6 7.41 2 12
6 7.42 2 12
6 7.43 2 12
6 7.44 2 12
6 7.45 2 12
6 7.46 2 12
6 7.47 2 12
6 7.48 2 12
6 7.49 2 12
6 7.5 2 12
6 7.51 2 12
6 7.5200000000000005 2 12
6 7.53 2 12
6 7.54 2 12
6 7.55 2 12
6 7.5600000000000005 2 12
6 7.57 2 12
6 7.58 2 12
6 7.59 2 12
6 7.6000000000000005 2 12
6 7.61 2 12
6 7.62 2 12
6 7.63 2 12
6 7.64 2 12
6 7.65 2 12
6 7.66 2 12
6 7.67 2 12
6 7.68 2 12
6 7.69 2 12
6 7.7 2 12
6 7.71 2 12
6 7.72 2 12
6 7.73 2 12
6 7.74 2 12
6 7.75 2 12
6 7.76 2 12
6 7.7700000000000005 2 12
6 7.78 2 12
6 7.79 2 12
6 7.8 2 12
6 7.8100000000000005 2 12
6 7.82 2 12
6 7.83 2 12
6 7.84 2 12
6 7.8500000000000005 2 12
6 7.86 2 12
6 7.87 2 12
6 7.88 2 12
6 7.89 2 12
6 7.9 2 12
6 7.91 2 12
6 7.92 2 12
6 7.93 2 12
6 7.94 2 12
6 7.95 2 12
6 7.96 2 12
6 7.97 2 12
6 7.98 2 12
6 7.99 2 12
6 8.0 2 12
6 8.01 2 12
6 8.02 2 12
6 8.030000000000001 2 12
6 8.04 2 12
6 8.05 2 12
6 8.06 2 12
6 8.07 2 12
6 8.08 2 12
6 8.09 2 12
6 8.100000000000001 2 12
6 8.11 2 12
6 8.120000000000001 2 12
6 8.129999999999999 2 12
6 8.14 2 12
6 8.15 2 12
6 8.16 2 12
6 8.17 2 12
6 8.18 2 12
6 8.190000000000001 2 12
6 8.2 2 12
6 8.21 2 12
6 8.219999999999999 2 12
6 8.23 2 12
6 8.24 2 12
6 8.25 2 12
6 8.26 2 12
6 8.27 2 12
6 8.280000000000001 2 12
6 8.29 2 12
6 8.3 2 12
6 8.31 2 12
6 8.32 2 12
6 8.33 2 12
6 8.34 2 12
6 8.350000000000001 2 12
6 8.36 2 12
6 8.370000000000001 2 12
6 8.379999999999999 2 12
6 8.39 2 12
6 8.4 2 12
6 8.41 2 12
6 8.42 2 12
6 8.43 2 12
6 8.440000000000001 2 12
6 8.45 2 12
6 8.46 2 12
6 8.469999999999999 2 12
6 8.48 2 12
6 8.49 2 12
6 8.5 2 12
6 8.51 2 12
6 8.52 2 12
6 8.530000000000001 2 12
6 8.54 2 12
6 8.55 2 12
6 8.56 2 12
6 8.57 2 12
6 8.58 2 12
6 8.59 2 12
6 8.600000000000001 2 12
6 8.61 2 12
6 8.620000000000001 2 12
6 8.629999999999999 2 12
6 8.64 2 12
6 8.65 2 12
6 8.66 2 12
6 8.67 2 12
6 8.68 2 12
6 8.690000000000001 2 12
6 8.7 2 12
6 8.71 2 12
6 8.719999999999999 2 12
6 8.73 2 12
6 8.74 2 12
6 8.75 2 12
6 8.76 2 12
6 8.77 2 12
6 8.780000000000001 2 12
6 8.79 2 12
6 8.8 2 12
6 8.81 2 12
6 8.82 2 12
6 8.83 2 12
6 8.84 2 12
6 8.850000000000001 2 12
6 8.86 2 12
6 8.870000000000001 2 12
6 8.879999999999999 2 12
6 8.89 2 12
6 8.9 2 12
6 8.91 2 12
6 8.92 2 12
6 8.93 2 12
6 8.940000000000001 2 12
6 8.95 2 12
6 8.96 2 12
6 8.969999999999999 2 12
6 8.98 2 12
6 8.99 2 12
6 9.0 2 12
6 9.01 2 12
6 9.02 2 12
6 9.030000000000001 2 12
6 9.04 2 12
6 9.05 2 12
6 9.06 2 12
6 9.07 2 12
6 9.08 2 12
6 9.09 2 12
6 9.100000000000001 2 12
6 9.11 2 12
6 9.120000000000001 2 12
6 9.129999999999999 2 12
6 9.14 2 12
6 9.15 2 12
6 9.16 2 12
6 9.17 2 12
6 9.18 2 12
6 9.190000000000001 2 12
6 9.2 2 12
6 9.21 2 12
6 9.219999999999999 2 12
6 9.23 2 12
6 9.24 2 12
6 9.25 2 12
6 9.26 2 12
6 9.27 2 12
6 9.280000000000001 2 12
6 9.29 2 12
6 9.3 2 12
6 9.31 2 12
6 9.32 2 12
6 9.33 2 12
6 9.34 2 12
6 9.350000000000001 2 12
6 9.36 2 12
6 9.370000000000001 2 12
6 9.379999999999999 2 12
6 9.39 2 12
6 9.4 2 12
6 9.41 2 12
6 9.42 2 12
6 9.43 2 12
6 9.440000000000001 2 12
6 9.45 2 12
6 9.46 2 12
6 9.469999999999999 2 12
6 9.48 2 12
6 9.49 2 12
6 9.5 2 12
6 9.51 2 12
6 9.52 2 12
6 9.530000000000001 2 12
6 9.54 2 12
6 9.55 2 12
6 9.56 2 12
6 9.57 2 12
6 9.58 2 12
6 9.59 2 12
6 9.600000000000001 2 12
6 9.61 2 12
6 9.620000000000001 2 12
6 9.629999999999999 2 12
6 9.64 2 12
6 9.65 2 12
6 9.66 2 12
6 9.67 2 12
6 9.68 2 12
6 9.690000000000001 2 12
6 9.7 2 12
6 9.71 2 12
6 9.719999999999999 2 12
6 9.73 2 12
6 9.74 2 12
6 9.75 2 12
6 9.76 2 12
6 9.77 2 12
6 9.780000000000001 2 12
6 9.79 2 12
6 9.8 2 12
6 9.81 2 12
6 9.82 2 12
6 9.83 2 12
6 9.84 2 12
6 9.850000000000001 2 12
6 9.86 2 12
6 9.870000000000001 2 12
6 9.879999999999999 2 12
6 9.89 2 12
6 9.9 2 12
6 9.91 2 12
6 9.92 2 12
6 9.93 2 12
6 9.940000000000001 2 12
6 9.95 2 12
6 9.96 2 12
6 9.969999999999999 2 12
6 9.98 2 12
6 9.99 2 12
6 10.0 2 12
6 10.01 2 12
6 10.02 2 12
6 10.03 2 12
6 10.040000000000001 2 12
6 10.05 2 12
6 10.06 2 12
6 10.07 2 12
6 10.08 2 12
6 10.09 2 12
6 10.1 2 12
6 10.11 2 12
6 10.120000000000001 2 12
6 10.13 2 12
6 10.14 2 12
6 10.15 2 12
6 10.16 2 12
6 10.17 2 12
6 10.18 2 12
6 10.19 2 12
6 10.2 2 12
6 10.21 2 12
6 10.22 2 12
6 10.23 2 12
6 10.24 2 12
6 10.25 2 12
6 10.26 2 12
6 10.27 2 12
6 10.28 2 12
6 10.290000000000001 2 12
6 10.3 2 12
6 10.31 2 12
6 10.32 2 12
6 10.33 2 12
6 10.34 2 12
6 10.35 2 12
6 10.36 2 12
6 10.370000000000001 2 12
6 10.38 2 12
6 10.39 2 12
6 10.4 2 12
6 10.41 2 12
6 10.42 2 12
6 10.43 2 12
6 10.44 2 12
6 10.45 2 12
6 10.46 2 12
6 10.47 2 12
6 10.48 2 12
6 10.49 2 12
6 10.5 2 12
6 10.51 2 12
6 10.52 2 12
6 10.53 2 12
6 10.540000000000001 2 12
6 10.55 2 12
6 10.56 2 12
6 10.57 2 12
6 10.58 2 12
6 10.59 2 12
6 10.6 2 12
6 10.61 2 12
6 10.620000000000001 2 12
6 10.63 2 12
6 10.64 2 12
6 10.65 2 12
6 10.66 2 12
6 10.67 2 12
6 10.68 2 12
6 10.69 2 12
6 10.700000000000001 2 12
6 10.71 2 12
6 10.72 2 12
6 10.73 2 12
6 10.74 2 12
6 10.75 2 12
6 10.76 2 12
6 10.77 2 12
6 10.78 2 12
6 10.790000000000001 2 12
6 10.8 2 12
6 10.81 2 12
6 10.82 2 12
6 10.83 2 12
6 10.84 2 12
6 10.85 2 12
6 10.86 2 12
6 10.870000000000001 2 12
6 10.88 2 12
6 10.89 2 12
6 10.9 2 12
6 10.91 2 12
6 10.92 2 12
6 10.93 2 12
6 10.94 2 12
6 10.950000000000001 2 12
6 10.96 2 12
6 10.97 2 12
6 10.98 2 12
6 10.99 2 12
6 11.0 2 12
6 11.01 2 12
6 11.02 2 12
6 11.03 2 12
6 11.040000000000001 2 12
6 11.05 2 12
6 11.06 2 12
6 11.07 2 12
6 11.08 2 12
6 11.09 2 12
6 11.1 2 12
6 11.11 2 12
6 11.120000000000001 2 12
6 11.13 2 12
6 11.14 2 12
6 11.15 2 12
6 11.16 2 12
6 11.17 2 12
6 11.18 2 12
6 11.19 2 12
6 11.200000000000001 2 12
6 11.21 2 12
6 11.22 2 12
6 11.23 2 12
6 11.24 2 12
6 11.25 2 12
6 11.26 2 12
6 11.27 2 12
6 11.28 2 12
6 11.290000000000001 2 12
6 11.3 2 12
6 11.31 2 12
6 11.32 2 12
6 11.33 2 12
6 11.34 2 12
6 11.35 2 12
6 11.36 2 12
6 11.370000000000001 2 12
6 11.38 2 12
6 11.39 2 12
6 11.4 2 12
6 11.41 2 12
6 11.42 2 12
6 11.43 2 12
6 11.44 2 12
6 11.450000000000001 2 12
6 11.46 2 12
6 11.47 2 12
6 11.48 2 12
6 11.49 2 12
6 11.5 2 12
6 11.51 2 12
6 11.52 2 12
6 11.53 2 12
6 11.540000000000001 2 12
6 11.55 2 12
6 11.56 2 12
6 11.57 2 12
6 11.58 2 12
6 11.59 2 12
6 11.6 2 12
6 11.61 2 12
6 11.620000000000001 2 12
6 11.63 2 12
6 11.64 2 12
6 11.65 2 12
6 11.66 2 12
6 11.67 2 12
6 11.68 2 12
6 11.69 2 12
6 11.700000000000001 2 12
6 11.71 2 12
6 11.72 2 12
6 11.73 2 12
6 11.74 2 12
6 11.75 2 12
6 11.76 2 12
6 11.77 2 12
6 11.78 2 12
6 11.790000000000001 2 12
6 11.8 2 12
6 11.81 2 12
6 11.82 2 12
6 11.83 2 12
6 11.84 2 12
6 11.85 2 12
6 11.86 2 12
6 11.870000000000001 2 12
6 11.88 2 12
6 11.89 2 12
6 11.9 2 12
6 11.91 2 12
6 11.92 2 12
6 11.93 2 12
6 11.94 2 12
6 11.950000000000001 2 12
6 11.96 2 12
6 11.97 2 12
6 11.98 2 12
6 11.99 2 12
6 12.0 2 12
6 12.01 2 12
6 12.02 2 12
6 12.03 2 12
6 12.040000000000001 2 12
6 12.05 2 12
6 12.06 2 12
6 12.07 2 12
6 12.08 2 12
6 12.09 2 12
6 12.1 2 12
6 12.11 2 12
6 12.120000000000001 2 12
6 12.13 2 12
6 12.14 2 12
6 12.15 2 12
6 12.16 2 12
6 12.17 2 12
6 12.18 2 12
6 12.19 2 12
6 12.200000000000001 2 12
6 12.21 2 12
6 12.22 2 12
6 12.23 2 12
6 12.24 2 12
6 12.25 2 12
6 12.26 2 12
6 12.27 2 12
6 12.28 2 12
6 12.290000000000001 2 12
6 12.3 2 12
6 12.31 2 12
6 12.32 2 12
6 12.33 2 12
6 12.34 2 12
6 12.35 2 12
6 12.36 2 12
6 12.370000000000001 2 12
6 12.38 2 12
6 12.39 2 12
6 12.4 2 12
6 12.41 2 12
6 12.42 2 12
6 12.43 2 12
6 12.44 2 12
6 12.450000000000001 2 12
6 12.46 2 12
6 12.47 2 12
6 12.48 2 12
6 12.49 2 12
6 12.5 2 12
6 12.51 2 12
6 12.52 2 12
6 12.53 2 12
6 12.540000000000001 2 12
6 12.55 2 12
6 12.56 2 12
6 12.57 2 12
6 12.58 2 12
6 12.59 2 12
6 12.6 2 12
6 12.61 2 12
6 12.620000000000001 2 12
6 12.63 2 12
6 12.64 2 12
6 12.65 2 12
6 12.66 2 12
6 12.67 2 12
6 12.68 2 12
6 12.69 2 12
6 12.700000000000001 2 12
6 12.71 2 12
6 12.72 2 12
6 12.73 2 12
6 12.74 2 12
6 12.75 2 12
6 12.76 2 12
6 12.77 2 12
6 12.78 2 12
6 12.790000000000001 2 12
6 12.8 2 12
6 12.81 2 12
6 12.82 2 12
6 12.83 2 12
6 12.84 2 12
6 12.85 2 12
6 12.86 2 12
6 12.870000000000001 2 12
6 12.88 2 12
6 12.89 2 12
6 12.9 2 12
6 12.91 2 12
6 12.92 2 12
6 12.93 2 12
6 12.94 2 12
6 12.950000000000001 2 12
6 12.96 2 12
6 12.97 2 12
6 12.98 2 12
6 12.99 2 12
6 13.0 2 12
6 13.01 2 12
6 13.02 2 12
6 13.03 2 12
6 13.040000000000001 2 12
6 13.05 2 12
6 13.06 2 12
6 13.07 2 12
6 13.08 2 12
6 13.09 2 12
6 13.1 2 12
6 13.11 2 12
6 13.120000000000001 2 12
6 13.13 2 12
6 13.14 2 12
6 13.15 2 12
6 13.16 2 12
6 13.17 2 12
6 13.18 2 12
6 13.19 2 12
6 13.200000000000001 2 12
6 13.21 2 12
6 13.22 2 12
6 13.23 2 12
6 13.24 2 12
6 13.25 2 12
6 13.26 2 12
6 13.27 2 12
6 13.28 2 12
6 13.290000000000001 2 12
6 13.3 2 12
6 13.31 2 12
6 13.32 2 12
6 13.33 2 12
6 13.34 2 12
6 13.35 2 12
6 13.36 2 12
6 13.370000000000001 2 12
6 13.38 2 12
6 13.39 2 12
6 13.4 2 12
6 13.41 2 12
6 13.42 2 12
6 13.43 2 12
6 13.44 2 12
6 13.450000000000001 2 12
6 13.46 2 12
6 13.47 2 12
6 13.48 2 12
6 13.49 2 12
6 13.5 2 12
6 13.51 2 12
6 13.52 2 12
6 13.53 2 12
6 13.540000000000001 2 12
6 13.55 2 12
6 13.56 2 12
6 13.57 2 12
6 13.58 2 12
6 13.59 2 12
6 13.6 2 12
6 13.61 2 12
6 13.620000000000001 2 12
6 13.63 2 12
6 13.64 2 12
6 13.65 2 12
6 13.66 2 12
6 13.67 2 12
6 13.68 2 12
6 13.69 2 12
6 13.700000000000001 2 12
6 13.71 2 12
6 13.72 2 12
6 13.73 2 12
6 13.74 2 12
6 13.75 2 12
6 13.76 2 12
6 13.77 2 12
6 13.78 2 12
6 13.790000000000001 2 12
6 13.8 2 12
6 13.81 2 12
6 13.82 2 12
6 13.83 2 12
6 13.84 2 12
6 13.85 2 12
6 13.86 2 12
6 13.870000000000001 2 12
6 13.88 2 12
6 13.89 2 12
6 13.9 2 12
6 13.91 2 12
6 13.92 2 12
6 13.93 2 12
6 13.94 2 12
6 13.950000000000001 2 12
6 13.96 2 12
6 13.97 2 12
6 13.98 2 12
6 13.99 2 12
6 14.0 2 12
6 14.01 2 12
6 14.02 2 12
6 14.030000000000001 2 12
6 14.040000000000001 2 12
6 14.05 2 12
6 14.06 2 12
6 14.07 2 12
6 14.08 2 12
6 14.09 2 12
6 14.1 2 12
6 14.11 2 12
6 14.120000000000001 2 12
6 14.13 2 12
6 14.14 2 12
6 14.15 2 12
6 14.16 2 12
6 14.17 2 12
6 14.18 2 12
6 14.19 2 12
6 14.200000000000001 2 12
6 14.21 2 12
6 14.22 2 12
6 14.23 2 12
6 14.24 2 12
6 14.25 2 12
6 14.26 2 12
6 14.27 2 12
6 14.280000000000001 2 12
6 14.290000000000001 2 12
6 14.3 2 12
6 14.31 2 12
6 14.32 2 12
6 14.33 2 12
6 14.34 2 12
6 14.35 2 12
6 14.36 2 12
6 14.370000000000001 2 12
6 14.38 2 12
6 14.39 2 12
6 14.4 2 12
6 14.41 2 12
6 14.42 2 12
6 14.43 2 12
6 14.44 2 12
6 14.450000000000001 2 12
6 14.46 2 12
6 14.47 2 12
6 14.48 2 12
6 14.49 2 12
6 14.5 2 12
6 14.51 2 12
6 14.52 2 12
6 14.530000000000001 2 12
6 14.540000000000001 2 12
6 14.55 2 12
6 14.56 2 12
6 14.57 2 12
6 14.58 2 12
6 14.59 2 12
6 14.6 2 12
6 14.61 2 12
6 14.620000000000001 2 12
6 14.63 2 12
6 14.64 2 12
6 14.65 2 12
6 14.66 2 12
6 14.67 2 12
6 14.68 2 12
6 14.69 2 12
6 14.700000000000001 2 12
6 14.71 2 12
6 14.72 2 12
6 14.73 2 12
6 14.74 2 12
6 14.75 2 12
6 14.76 2 12
6 14.77 2 12
6 14.780000000000001 2 12
6 14.790000000000001 2 12
6 14.8 2 12
6 14.81 2 12
6 14.82 2 12
6 14.83 2 12
6 14.84 2 12
6 14.85 2 12
6 14.86 2 12
6 14.870000000000001 2 12
6 14.88 2 12
6 14.89 2 12
6 14.9 2 12
6 14.91 2 12
6 14.92 2 12
6 14.93 2 12
6 14.94 2 12
6 14.950000000000001 2 12
6 14.96 2 12
6 14.97 2 12
6 14.98 2 12
6 14.99 2 12
